[115.0,101.0,123.0] tag=0.412494
[115.0,100.0,122.0] tag=0.409745
[114.0,98.0,121.0] tag=0.403075
[112.0,97.0,120.0] tag=0.39798
[111.0,96.0,119.0] tag=0.394059
[111.0,95.0,119.0] tag=0.39131
[110.0,94.0,117.0] tag=0.387388
[107.0,91.0,114.0] tag=0.375624
[106.0,90.0,113.0] tag=0.371702
[105.0,88.0,112.0] tag=0.365031
[104.0,87.0,110.0] tag=0.36111
[104.0,86.0,108.0] tag=0.358361
[103.0,85.0,107.0] tag=0.354439
[104.0,83.0,107.0] tag=0.350114
[106.0,81.0,105.0] tag=0.346961
[110.0,80.0,105.0] tag=0.348902
[113.0,80.0,102.0] tag=0.35242
[117.0,80.0,101.0] tag=0.35711
[119.0,83.0,99.0] tag=0.367702
[122.0,87.0,99.0] tag=0.382216
[128.0,93.0,102.0] tag=0.405745
[136.0,101.0,106.0] tag=0.437118
[120.0,110.0,131.0] tag=0.443098
[118.0,107.0,128.0] tag=0.432506
[117.0,105.0,126.0] tag=0.425835
[116.0,103.0,125.0] tag=0.419165
[115.0,101.0,123.0] tag=0.412494
[115.0,100.0,122.0] tag=0.409745
[114.0,98.0,121.0] tag=0.403075
[112.0,97.0,120.0] tag=0.39798
[111.0,96.0,119.0] tag=0.394059
[110.0,94.0,117.0] tag=0.387388
[109.0,93.0,116.0] tag=0.383467
[107.0,91.0,114.0] tag=0.375624
[106.0,90.0,113.0] tag=0.371702
[105.0,88.0,112.0] tag=0.365031
[104.0,87.0,110.0] tag=0.36111
[104.0,86.0,108.0] tag=0.358361
[103.0,85.0,107.0] tag=0.354439
[104.0,83.0,107.0] tag=0.350114
[106.0,81.0,105.0] tag=0.346961
[110.0,80.0,105.0] tag=0.348902
[113.0,80.0,102.0] tag=0.35242
[117.0,80.0,101.0] tag=0.35711
[119.0,83.0,99.0] tag=0.367702
[122.0,87.0,99.0] tag=0.382216
[128.0,93.0,102.0] tag=0.405745
[136.0,101.0,106.0] tag=0.437118
