[116.0,119.0,121.0]
[152.0,155.0,157.0]
[152.0,155.0,157.0]
[151.0,155.0,157.0]
[151.0,155.0,158.0]
[151.0,155.0,158.0]
[152.0,155.0,158.0]
[152.0,155.0,158.0]
[152.0,155.0,158.0]
[151.0,155.0,158.0]
[152.0,155.0,158.0]
[152.0,155.0,158.0]
[152.0,155.0,158.0]
[152.0,155.0,158.0]
[152.0,155.0,158.0]
[151.0,154.0,156.0]
[151.0,154.0,156.0]
[151.0,154.0,156.0]
[151.0,154.0,156.0]
[151.0,154.0,156.0]
[152.0,154.0,156.0]
[153.0,156.0,158.0]
[154.0,156.0,158.0]
[154.0,157.0,158.0]
[154.0,157.0,158.0]
[154.0,157.0,158.0]
[154.0,157.0,158.0]
[154.0,157.0,158.0]
[154.0,157.0,158.0]
[154.0,157.0,158.0]
[154.0,157.0,158.0]
[154.0,157.0,158.0]
[152.0,154.0,155.0]
[152.0,154.0,155.0]
[152.0,154.0,155.0]
[152.0,154.0,155.0]
[152.0,154.0,155.0]
[152.0,154.0,155.0]
[152.0,154.0,155.0]
[152.0,154.0,155.0]
[152.0,154.0,155.0]
[152.0,154.0,155.0]
[152.0,154.0,155.0]
[152.0,154.0,155.0]
[152.0,154.0,155.0]
[152.0,154.0,156.0]
[152.0,154.0,156.0]
[152.0,154.0,156.0]
[152.0,154.0,155.0]
[153.0,155.0,156.0]
[153.0,155.0,156.0]
[153.0,154.0,155.0]
[152.0,154.0,156.0]
[152.0,154.0,156.0]
[152.0,154.0,156.0]
[152.0,154.0,156.0]
[149.0,151.0,152.0]
[147.0,149.0,150.0]
[149.0,151.0,152.0]
[151.0,153.0,154.0]
[149.0,151.0,152.0]
[151.0,153.0,154.0]
[151.0,153.0,154.0]
[149.0,151.0,152.0]
[153.0,154.0,156.0]
[153.0,154.0,156.0]
[153.0,154.0,156.0]
[153.0,154.0,156.0]
[154.0,156.0,158.0]
[154.0,156.0,158.0]
[155.0,156.0,158.0]
[155.0,156.0,158.0]
[155.0,156.0,158.0]
[155.0,157.0,158.0]
[155.0,157.0,158.0]
[155.0,157.0,158.0]
[155.0,156.0,158.0]
[155.0,156.0,158.0]
[155.0,156.0,158.0]
[155.0,156.0,158.0]
[151.0,153.0,154.0]
[151.0,153.0,154.0]
[151.0,153.0,154.0]
[151.0,153.0,154.0]
[150.0,153.0,154.0]
[149.0,153.0,155.0]
[148.0,153.0,154.0]
[148.0,152.0,154.0]
[147.0,151.0,154.0]
[148.0,150.0,154.0]
[149.0,149.0,155.0]
[150.0,147.0,153.0]
[151.0,146.0,151.0]
[151.0,147.0,148.0]
[151.0,148.0,145.0]
[152.0,151.0,145.0]
[152.0,151.0,151.0]
[150.0,151.0,150.0]
[152.0,152.0,153.0]
[152.0,152.0,153.0]
[152.0,152.0,154.0]
[153.0,154.0,156.0]
[151.0,152.0,154.0]
[152.0,153.0,154.0]
[153.0,154.0,156.0]
[154.0,154.0,156.0]
[154.0,154.0,156.0]
[154.0,154.0,156.0]
[154.0,154.0,156.0]
[154.0,154.0,156.0]
[154.0,154.0,156.0]
[154.0,154.0,156.0]
[154.0,154.0,156.0]
[154.0,154.0,156.0]
[154.0,154.0,156.0]
[154.0,154.0,156.0]
[154.0,154.0,156.0]
[154.0,154.0,156.0]
[154.0,154.0,156.0]
[154.0,154.0,156.0]
[156.0,156.0,157.0]
[156.0,156.0,157.0]
[156.0,156.0,158.0]
[156.0,156.0,158.0]
[156.0,156.0,158.0]
[155.0,156.0,158.0]
[156.0,156.0,158.0]
[155.0,156.0,158.0]
[155.0,154.0,156.0]
[155.0,154.0,156.0]
[155.0,154.0,156.0]
[155.0,154.0,156.0]
[154.0,154.0,156.0]
[154.0,154.0,156.0]
[154.0,154.0,156.0]
[154.0,154.0,156.0]
[158.0,157.0,159.0]
[158.0,157.0,159.0]
[158.0,158.0,159.0]
[158.0,158.0,159.0]
[158.0,158.0,159.0]
[158.0,158.0,159.0]
[158.0,158.0,159.0]
[158.0,158.0,159.0]
[156.0,156.0,158.0]
[156.0,156.0,158.0]
[156.0,156.0,157.0]
[156.0,156.0,157.0]
[156.0,156.0,157.0]
[156.0,156.0,157.0]
[156.0,156.0,157.0]
[156.0,156.0,157.0]
[156.0,156.0,157.0]
[156.0,155.0,157.0]
[156.0,155.0,157.0]
[156.0,155.0,157.0]
[156.0,155.0,157.0]
[156.0,155.0,157.0]
[156.0,156.0,157.0]
[156.0,156.0,157.0]
[156.0,156.0,157.0]
[156.0,156.0,157.0]
[156.0,155.0,157.0]
[156.0,155.0,157.0]
[156.0,155.0,157.0]
[156.0,155.0,157.0]
[156.0,155.0,157.0]
[156.0,155.0,157.0]
[152.0,152.0,153.0]
[154.0,154.0,155.0]
[154.0,154.0,155.0]
[154.0,154.0,155.0]
[154.0,153.0,155.0]
[152.0,152.0,153.0]
[154.0,153.0,155.0]
[156.0,155.0,157.0]
[157.0,157.0,159.0]
[157.0,157.0,159.0]
[157.0,157.0,159.0]
[157.0,157.0,158.0]
[157.0,157.0,159.0]
[157.0,157.0,159.0]
[157.0,157.0,159.0]
[157.0,157.0,159.0]
[157.0,157.0,159.0]
[157.0,157.0,159.0]
[157.0,157.0,158.0]
[157.0,157.0,158.0]
[157.0,157.0,159.0]
[157.0,157.0,158.0]
[157.0,157.0,158.0]
[157.0,157.0,158.0]
[151.0,150.0,151.0]
[152.0,151.0,153.0]
[152.0,151.0,153.0]
[156.0,155.0,156.0]
[157.0,157.0,158.0]
[157.0,157.0,158.0]
[157.0,157.0,158.0]
[157.0,157.0,158.0]
[157.0,157.0,158.0]
[157.0,157.0,158.0]
[157.0,157.0,158.0]
[157.0,157.0,158.0]
[157.0,157.0,158.0]
[157.0,157.0,158.0]
[157.0,157.0,157.0]
[157.0,157.0,157.0]
[155.0,155.0,156.0]
[152.0,151.0,152.0]
[155.0,155.0,156.0]
[153.0,153.0,154.0]
[155.0,154.0,156.0]
[155.0,154.0,156.0]
[157.0,156.0,157.0]
[157.0,156.0,157.0]
[157.0,156.0,157.0]
[157.0,156.0,157.0]
[157.0,156.0,157.0]
[157.0,156.0,157.0]
[157.0,156.0,157.0]
[157.0,156.0,157.0]
[157.0,156.0,157.0]
[157.0,156.0,157.0]
[157.0,156.0,157.0]
[157.0,156.0,157.0]
[157.0,156.0,157.0]
[157.0,156.0,157.0]
[157.0,156.0,157.0]
[157.0,156.0,157.0]
[156.0,156.0,157.0]
[156.0,156.0,157.0]
[155.0,154.0,156.0]
[156.0,156.0,157.0]
[156.0,156.0,157.0]
[156.0,156.0,157.0]
[156.0,156.0,157.0]
[156.0,156.0,157.0]
[156.0,156.0,157.0]
[156.0,156.0,157.0]
[156.0,155.0,157.0]
[156.0,155.0,157.0]
[156.0,156.0,157.0]
[156.0,155.0,157.0]
[155.0,156.0,157.0]
[155.0,156.0,157.0]
[155.0,156.0,157.0]
[155.0,156.0,157.0]
[153.0,154.0,155.0]
[151.0,152.0,154.0]
[155.0,155.0,157.0]
[153.0,154.0,155.0]
[154.0,156.0,157.0]
[152.0,154.0,155.0]
[152.0,154.0,155.0]
[153.0,155.0,156.0]
[153.0,154.0,158.0]
[151.0,152.0,156.0]
[151.0,152.0,156.0]
[149.0,151.0,155.0]
[148.0,151.0,155.0]
[146.0,149.0,153.0]
[144.0,148.0,153.0]
[143.0,146.0,152.0]
[141.0,144.0,152.0]
[139.0,141.0,150.0]
[137.0,137.0,149.0]
[134.0,134.0,147.0]
[130.0,129.0,144.0]
[128.0,125.0,142.0]
[125.0,121.0,139.0]
[121.0,117.0,136.0]
[121.0,113.0,133.0]
[120.0,110.0,131.0]
[118.0,107.0,128.0]
[117.0,105.0,126.0]
[116.0,103.0,125.0]
[115.0,101.0,123.0]
[115.0,100.0,122.0]
[114.0,98.0,121.0]
[112.0,97.0,120.0]
[111.0,96.0,119.0]
[111.0,95.0,119.0]
[110.0,94.0,117.0]
[107.0,91.0,114.0]
[106.0,90.0,113.0]
[105.0,88.0,112.0]
[104.0,87.0,110.0]
[104.0,86.0,108.0]
[103.0,85.0,107.0]
[104.0,83.0,107.0]
[106.0,81.0,105.0]
[110.0,80.0,105.0]
[113.0,80.0,102.0]
[117.0,80.0,101.0]
[119.0,83.0,99.0]
[122.0,87.0,99.0]
[128.0,93.0,102.0]
[136.0,101.0,106.0]
[142.0,109.0,112.0]
[147.0,118.0,120.0]
[148.0,127.0,127.0]
[148.0,135.0,134.0]
[148.0,141.0,139.0]
[149.0,144.0,144.0]
[151.0,147.0,146.0]
[152.0,148.0,148.0]
[153.0,149.0,149.0]
[153.0,150.0,151.0]
[153.0,151.0,151.0]
[155.0,153.0,153.0]
[155.0,153.0,153.0]
[154.0,154.0,154.0]
[154.0,153.0,154.0]
[154.0,154.0,154.0]
[154.0,154.0,154.0]
[152.0,152.0,153.0]
[152.0,152.0,153.0]
[152.0,152.0,153.0]
[152.0,152.0,152.0]
[152.0,152.0,152.0]
[152.0,152.0,152.0]
[152.0,151.0,152.0]
[152.0,151.0,152.0]
[152.0,151.0,153.0]
[152.0,151.0,153.0]
[152.0,151.0,153.0]
[153.0,153.0,154.0]
[153.0,153.0,154.0]
[153.0,153.0,154.0]
[153.0,153.0,155.0]
[153.0,153.0,155.0]
[154.0,153.0,155.0]
[154.0,153.0,155.0]
[154.0,153.0,155.0]
[153.0,153.0,155.0]
[154.0,153.0,155.0]
[154.0,153.0,155.0]
[154.0,153.0,155.0]
[154.0,153.0,155.0]
[154.0,153.0,155.0]
[154.0,153.0,155.0]
[153.0,153.0,155.0]
[153.0,153.0,155.0]
[153.0,153.0,155.0]
[153.0,153.0,155.0]
[153.0,153.0,155.0]
[153.0,153.0,155.0]
[153.0,153.0,155.0]
[153.0,153.0,155.0]
[153.0,153.0,155.0]
[153.0,153.0,155.0]
[153.0,153.0,154.0]
[153.0,153.0,155.0]
[153.0,153.0,155.0]
[153.0,153.0,154.0]
[153.0,153.0,154.0]
[153.0,153.0,154.0]
[153.0,153.0,154.0]
[153.0,153.0,154.0]
[153.0,153.0,154.0]
[153.0,153.0,154.0]
[153.0,152.0,154.0]
[153.0,152.0,154.0]
[153.0,152.0,154.0]
[153.0,152.0,154.0]
[151.0,150.0,152.0]
[151.0,150.0,152.0]
[152.0,152.0,154.0]
[152.0,152.0,154.0]
[152.0,152.0,154.0]
[152.0,152.0,154.0]
[152.0,152.0,154.0]
[152.0,152.0,154.0]
[152.0,152.0,154.0]
[152.0,152.0,154.0]
[152.0,152.0,154.0]
[152.0,152.0,154.0]
[152.0,152.0,154.0]
[152.0,152.0,154.0]
[152.0,152.0,154.0]
[152.0,152.0,154.0]
[152.0,152.0,154.0]
[152.0,152.0,154.0]
[152.0,152.0,154.0]
[152.0,152.0,154.0]
[152.0,152.0,154.0]
[152.0,152.0,154.0]
[152.0,152.0,154.0]
[152.0,152.0,154.0]
[152.0,152.0,154.0]
[152.0,152.0,153.0]
[152.0,152.0,153.0]
[152.0,151.0,153.0]
[152.0,151.0,153.0]
[151.0,151.0,153.0]
[151.0,151.0,153.0]
[151.0,151.0,153.0]
[151.0,151.0,153.0]
[151.0,151.0,153.0]
[150.0,150.0,151.0]
[150.0,150.0,151.0]
[151.0,151.0,153.0]
[151.0,151.0,153.0]
[151.0,151.0,153.0]
[151.0,151.0,153.0]
[151.0,151.0,153.0]
[151.0,151.0,153.0]
[151.0,151.0,153.0]
[150.0,151.0,152.0]
[150.0,151.0,152.0]
[150.0,151.0,152.0]
[150.0,151.0,152.0]
[150.0,151.0,152.0]
[151.0,151.0,152.0]
[151.0,151.0,152.0]
[150.0,151.0,152.0]
[150.0,151.0,152.0]
[150.0,151.0,152.0]
[150.0,151.0,152.0]
[150.0,150.0,152.0]
[150.0,150.0,152.0]
[150.0,150.0,152.0]
[150.0,150.0,152.0]
[150.0,150.0,152.0]
[150.0,150.0,152.0]
[150.0,150.0,152.0]
[150.0,150.0,152.0]
[149.0,150.0,152.0]
[149.0,150.0,152.0]
[149.0,150.0,152.0]
[149.0,150.0,152.0]
[149.0,150.0,152.0]
[150.0,150.0,152.0]
[149.0,150.0,152.0]
[149.0,150.0,152.0]
[149.0,149.0,152.0]
[149.0,149.0,152.0]
[149.0,149.0,152.0]
[149.0,149.0,152.0]
[149.0,149.0,152.0]
[149.0,149.0,152.0]
[149.0,149.0,152.0]
[147.0,148.0,150.0]
[147.0,147.0,150.0]
[147.0,148.0,150.0]
[147.0,147.0,150.0]
[147.0,147.0,150.0]
[145.0,146.0,149.0]
[145.0,146.0,149.0]
[147.0,147.0,150.0]
[147.0,147.0,150.0]
[148.0,149.0,152.0]
[148.0,149.0,152.0]
[148.0,149.0,152.0]
[148.0,149.0,152.0]
[148.0,149.0,151.0]
[148.0,149.0,152.0]
[148.0,149.0,152.0]
[148.0,149.0,152.0]
[146.0,147.0,150.0]
[146.0,147.0,150.0]
[145.0,145.0,149.0]
[145.0,145.0,149.0]
[146.0,147.0,150.0]
[146.0,147.0,150.0]
[146.0,147.0,150.0]
[146.0,147.0,149.0]
[146.0,147.0,150.0]
[146.0,147.0,150.0]
[146.0,147.0,149.0]
[146.0,147.0,149.0]
[146.0,147.0,149.0]
[146.0,147.0,149.0]
[146.0,147.0,149.0]
[145.0,146.0,150.0]
[145.0,146.0,149.0]
[145.0,146.0,150.0]
[145.0,146.0,150.0]
[145.0,146.0,150.0]
[145.0,146.0,150.0]
[143.0,144.0,148.0]
[143.0,144.0,148.0]
[143.0,144.0,148.0]
[143.0,144.0,148.0]
[143.0,144.0,148.0]
[143.0,144.0,148.0]
[143.0,144.0,147.0]
[143.0,144.0,147.0]
[143.0,144.0,147.0]
[143.0,144.0,147.0]
[143.0,144.0,147.0]
[143.0,144.0,147.0]
[143.0,144.0,147.0]
[143.0,144.0,147.0]
[143.0,144.0,147.0]
[143.0,144.0,147.0]
[143.0,144.0,147.0]
[142.0,144.0,147.0]
[142.0,144.0,147.0]
[142.0,144.0,147.0]
[142.0,143.0,147.0]
[142.0,143.0,147.0]
[142.0,143.0,147.0]
[142.0,143.0,147.0]
[142.0,143.0,147.0]
[142.0,143.0,147.0]
[142.0,143.0,147.0]
[142.0,143.0,147.0]
[142.0,143.0,147.0]
[142.0,143.0,147.0]
[142.0,143.0,147.0]
[143.0,145.0,148.0]
[143.0,145.0,148.0]
[143.0,145.0,148.0]
[143.0,144.0,148.0]
[145.0,146.0,150.0]
[143.0,144.0,148.0]
[143.0,144.0,148.0]
[143.0,144.0,148.0]
[143.0,144.0,148.0]
[143.0,144.0,148.0]
[143.0,144.0,148.0]
[143.0,144.0,148.0]
[143.0,144.0,148.0]
[143.0,144.0,148.0]
[143.0,144.0,148.0]
[142.0,144.0,147.0]
[143.0,144.0,148.0]
[143.0,144.0,148.0]
[143.0,144.0,148.0]
[143.0,144.0,148.0]
[143.0,144.0,148.0]
[142.0,144.0,148.0]
[142.0,144.0,148.0]
[142.0,144.0,148.0]
[142.0,144.0,148.0]
[142.0,144.0,148.0]
[142.0,144.0,147.0]
[141.0,144.0,147.0]
[141.0,144.0,147.0]
[141.0,143.0,147.0]
[141.0,143.0,147.0]
[141.0,143.0,147.0]
[141.0,143.0,147.0]
[141.0,143.0,147.0]
[141.0,143.0,147.0]
[141.0,143.0,147.0]
[141.0,143.0,147.0]
[141.0,143.0,147.0]
[141.0,143.0,147.0]
[141.0,143.0,147.0]
[139.0,141.0,145.0]
[139.0,141.0,145.0]
[139.0,141.0,145.0]
[139.0,141.0,145.0]
[141.0,143.0,147.0]
[136.0,138.0,142.0]
[139.0,141.0,145.0]
[138.0,140.0,143.0]
[139.0,141.0,145.0]
[139.0,141.0,145.0]
[139.0,141.0,145.0]
[139.0,141.0,145.0]
[139.0,141.0,145.0]
[139.0,141.0,145.0]
[138.0,141.0,145.0]
[138.0,141.0,145.0]
[138.0,141.0,145.0]
[138.0,141.0,145.0]
[138.0,141.0,145.0]
[138.0,141.0,145.0]
[138.0,141.0,145.0]
[138.0,140.0,145.0]
[138.0,140.0,145.0]
[139.0,141.0,145.0]
[138.0,140.0,144.0]
[138.0,140.0,144.0]
[138.0,140.0,144.0]
[138.0,140.0,144.0]
[138.0,140.0,144.0]
[138.0,140.0,144.0]
[138.0,140.0,144.0]
[138.0,140.0,144.0]
[138.0,140.0,144.0]
[138.0,140.0,144.0]
[138.0,140.0,144.0]
[138.0,140.0,144.0]
[137.0,140.0,144.0]
[137.0,140.0,144.0]
[137.0,140.0,144.0]
[137.0,140.0,144.0]
[137.0,140.0,144.0]
[138.0,141.0,146.0]
[137.0,140.0,144.0]
[138.0,141.0,145.0]
[135.0,138.0,142.0]
[137.0,140.0,144.0]
[137.0,140.0,144.0]
[136.0,139.0,144.0]
[138.0,141.0,145.0]
[138.0,141.0,145.0]
[138.0,141.0,145.0]
[138.0,141.0,145.0]
[138.0,141.0,145.0]
[138.0,141.0,145.0]
[138.0,141.0,145.0]
[136.0,139.0,143.0]
[133.0,136.0,140.0]
[136.0,139.0,143.0]
[136.0,139.0,143.0]
[136.0,139.0,143.0]
[136.0,139.0,143.0]
[136.0,139.0,143.0]
[134.0,137.0,141.0]
[134.0,137.0,141.0]
[136.0,139.0,143.0]
[136.0,139.0,143.0]
[136.0,139.0,143.0]
[136.0,139.0,143.0]
[136.0,138.0,143.0]
[135.0,138.0,143.0]
[136.0,138.0,143.0]
[135.0,138.0,143.0]
[133.0,135.0,140.0]
[133.0,135.0,140.0]
[132.0,135.0,139.0]
[132.0,135.0,139.0]
[132.0,135.0,139.0]
[132.0,135.0,139.0]
[132.0,135.0,139.0]
[132.0,135.0,139.0]
[131.0,133.0,138.0]
[131.0,133.0,137.0]
[128.0,130.0,134.0]
[129.0,131.0,136.0]
[127.0,130.0,134.0]
[129.0,131.0,136.0]
[127.0,130.0,135.0]
[127.0,130.0,134.0]
[133.0,136.0,141.0]
[133.0,136.0,141.0]
[133.0,136.0,141.0]
[133.0,136.0,141.0]
[133.0,136.0,140.0]
[133.0,135.0,140.0]
[133.0,135.0,140.0]
[133.0,135.0,140.0]
[133.0,135.0,140.0]
[133.0,135.0,140.0]
[133.0,135.0,140.0]
[133.0,135.0,140.0]
[133.0,135.0,140.0]
[132.0,135.0,140.0]
[132.0,135.0,140.0]
[133.0,135.0,140.0]
[133.0,135.0,140.0]
[133.0,135.0,140.0]
[133.0,135.0,140.0]
[133.0,135.0,140.0]
[132.0,135.0,140.0]
[132.0,135.0,140.0]
[132.0,135.0,140.0]
[132.0,134.0,140.0]
[132.0,135.0,140.0]
[132.0,134.0,139.0]
[132.0,135.0,140.0]
[132.0,134.0,139.0]
[132.0,134.0,139.0]
[132.0,134.0,139.0]
[132.0,134.0,139.0]
[131.0,134.0,139.0]
[131.0,134.0,139.0]
[131.0,134.0,139.0]
[131.0,134.0,139.0]
[131.0,134.0,139.0]
[131.0,134.0,139.0]
[131.0,134.0,138.0]
[131.0,133.0,138.0]
[130.0,133.0,138.0]
[131.0,133.0,139.0]
[130.0,132.0,139.0]
[130.0,132.0,139.0]
[130.0,132.0,139.0]
[129.0,131.0,139.0]
[129.0,131.0,138.0]
[129.0,130.0,138.0]
[128.0,130.0,137.0]
[125.0,126.0,134.0]
[125.0,126.0,133.0]
[124.0,125.0,132.0]
[91.0,93.0,99.0]
